1.220804985585651004e+01
5.142419419248787982e+00
4.418731726975826390e+00
3.965509961906581893e+00
3.548081750989292349e+00
3.077152616466320545e+00
2.543813022564380688e+00
2.098511222677310606e+00
1.700529844481964981e+00
1.409818838814838937e+00
1.160005029944656263e+00
9.730357624445120646e-01
7.926281633317304731e-01
6.468550121219709403e-01
5.296593731824401630e-01
3.708074191237558659e-01
3.075113196683461059e-01
2.792994808353753688e-01
2.521456878393639189e-01
2.342080221846077059e-01
2.216171736525459901e-01
2.032797792641067303e-01
1.820441847018544612e-01
1.758312671587991816e-01
1.700231041914905261e-01
1.644009349966281675e-01
1.627833556518747393e-01
