2.975203078105257148e+01
8.839791683765506392e+00
5.714310821716499511e+00
4.560641591927467431e+00
3.822571944061428084e+00
3.233160482475684550e+00
2.698227226070042839e+00
2.278840791880254457e+00
1.898748193859721933e+00
1.608499301509272783e+00
1.320756109395067046e+00
1.097871408655118897e+00
8.951841908245034007e-01
7.349539121462441704e-01
5.984729745718430083e-01
4.844190742934646465e-01
4.020314248366940180e-01
2.753727860686506768e-01
2.155649260018529245e-01
1.912333579178806253e-01
1.702809565308864292e-01
1.595453348913564717e-01
1.547480325284608660e-01
1.558115258397830272e-01
