1.960591881919372170e+01
6.816884608653926314e+00
5.034765956793655128e+00
4.379960984240667266e+00
3.957021756092486076e+00
3.580053288292420088e+00
3.177539440582721753e+00
2.753219372880824078e+00
2.327116632195900259e+00
1.957770367020684077e+00
1.624393382278325415e+00
1.363087064459463260e+00
1.149310963399563068e+00
9.733186155806676787e-01
8.184841571578076458e-01
6.849944405569007300e-01
5.883063637861634110e-01
4.899501157172210797e-01
4.177994413047115829e-01
2.955552992050362038e-01
2.385728860009347363e-01
2.176770898915598995e-01
2.027002845509470741e-01
1.883044677545267220e-01
1.681802185734832533e-01
1.595617087148026303e-01
1.572283918665810243e-01
1.535828983862586039e-01
1.508086597894559566e-01
