4.895729618484263135e+00
3.900927302565083021e+00
3.198271249330143284e+00
2.495641780264862497e+00
1.948310154560216612e+00
1.529643956997268406e+00
1.194093890093827381e+00
9.500235528750007319e-01
7.670716479379154906e-01
5.956794587184459644e-01
4.847957716222260904e-01
3.893734837018347772e-01
3.301361092576409195e-01
2.754849943443925531e-01
2.423555763194487900e-01
2.122649486516511586e-01
1.488995670462883170e-01
1.174691450732830156e-01
9.824176802504859529e-02
9.505542318925551404e-02
9.240245146671709209e-02
9.182159356710638265e-02
