1.582019618029049823e+01
5.123239005508529509e+00
4.276749555114916390e+00
3.660711340253399726e+00
3.128677779585538055e+00
2.643389629952422659e+00
2.240442308376758618e+00
1.916750903249119009e+00
1.565900414517995110e+00
1.313375607506478415e+00
1.142901156855160805e+00
9.112724980188943169e-01
7.605843018522501220e-01
6.342540538576652009e-01
4.863126895761423207e-01
3.922638040772719603e-01
3.388574251848011087e-01
2.355382465407210857e-01
1.884614681944375703e-01
1.674566637506724187e-01
1.499700366952625152e-01
1.349524477273640888e-01
1.271433157426068994e-01
1.245995232819846754e-01
1.198881666038527777e-01
1.193299771008966420e-01
1.157959848331043679e-01
1.167933303593012007e-01
